UAS: 87.41182042525612
UASnoPunc: 89.06064545300401
LAS: 84.92160430740086
LASnoPunc: 86.24032103091618

UEM: 33.470588235294116
UEMnoPunc: 36.529411764705884
ROOT: 88.88235294117646
