UAS: 14.557419547822619
UASnoPunc: 15.534392132481772
LAS: 0.5060198918164369
LASnoPunc: 0.5623692985926637

UEM: 0.5882352941176471
UEMnoPunc: 0.6470588235294118
ROOT: 3.0588235294117645
