UAS: 85.47249295809756
UASnoPunc: 87.30854010060476
LAS: 82.882568487175
LASnoPunc: 84.37517662352343

UEM: 29.470588235294116
UEMnoPunc: 32.0
ROOT: 85.82352941176471
