UAS: 84.41309170675774
UASnoPunc: 86.13858588142203
LAS: 81.78826931226163
LASnoPunc: 83.17978861696716

UEM: 27.823529411764707
UEMnoPunc: 30.0
ROOT: 84.82352941176471
