UAS: 87.19246204850812
UASnoPunc: 88.9843440908834
LAS: 84.70224593065284
LASnoPunc: 86.17249759792008

UEM: 33.294117647058826
UEMnoPunc: 36.1764705882353
ROOT: 86.17647058823529
